4,4,20,20,22,80,0.018684,0.141855,0.127009
4,4,21,20,23,81,0.014356,0.145234,0.145243
4,4,22,20,24,84,0.015800,0.145843,0.171658
4,4,23,20,25,88,0.015848,0.158828,0.196103
4,4,24,20,26,92,0.015841,0.182853,0.224834
4,4,25,20,27,94,0.017430,0.191803,0.228675
4,4,26,20,28,98,0.017503,0.195039,0.250882
4,4,27,20,29,99,0.011498,0.232512,0.255552
4,4,28,20,30,104,0.006865,0.260379,0.330091
4,4,29,20,31,110,0.007181,0.285472,0.356721
4,4,30,20,32,115,0.007228,0.293703,0.410065
4,4,31,20,33,117,0.007689,0.341975,0.416774
4,4,32,20,34,118,0.008159,0.393279,0.447892
4,4,33,20,35,118,0.008041,0.410536,0.525865
4,4,34,20,36,120,0.008098,0.406493,0.514767
4,4,35,20,37,123,0.008555,0.504614,0.552994
4,4,36,20,38,131,0.009222,0.475587,0.600875
4,4,37,20,39,131,0.009401,0.523794,0.595732
4,4,38,20,40,132,0.009412,0.563531,0.694976
4,4,39,20,41,136,0.009926,0.565143,0.741604
4,4,40,20,42,136,0.010080,0.617858,0.727252
4,4,41,20,43,139,0.010702,0.695926,0.793746
4,4,42,20,44,144,0.011237,0.747009,0.837949
4,4,43,20,45,145,0.011224,0.799320,0.849967
4,5,20,24,22,108,0.006557,0.247076,0.169214
4,4,44,20,46,151,0.011871,0.961222,1.032331
4,4,45,20,47,155,0.012248,1.016247,1.226237
4,5,21,24,23,103,0.006560,0.200608,0.171247
4,5,28,24,30,126,0.008984,0.389665,0.340877
4,4,46,20,48,157,0.012301,1.155238,1.226176
4,5,22,24,24,109,0.007024,0.228499,0.181381
4,4,47,20,49,156,0.012630,1.174960,1.262450
4,5,29,24,31,127,0.009322,0.372798,0.342305
4,4,48,20,50,157,0.013076,1.212984,1.247611
4,5,23,24,25,113,0.007355,0.290948,0.238235
4,5,24,24,26,116,0.007697,0.315571,0.256097
4,4,49,20,51,162,0.024023,1.180565,1.438105
4,5,30,24,32,129,0.009401,0.497675,0.362313
4,5,25,24,27,115,0.007553,0.294493,0.290871
4,4,50,20,52,163,0.023060,1.298037,1.400283
4,5,36,24,38,145,0.021802,0.613098,0.666225
4,5,26,24,28,115,0.007881,0.297962,0.269161
4,5,31,24,33,134,0.009854,0.486288,0.466399
4,5,27,24,29,122,0.008079,0.320795,0.302444
4,5,37,24,39,153,0.012367,0.696921,0.717661
4,5,32,24,34,141,0.025961,0.581996,0.541431
4,5,33,24,35,151,0.011169,0.597230,0.582817
4,5,38,24,40,163,0.013195,0.859523,0.832996
4,5,34,24,36,145,0.011403,0.643488,0.604547
4,5,35,24,37,145,0.011306,0.544716,0.676181
4,5,39,24,41,166,0.022948,0.966706,0.878349
4,5,44,24,46,186,0.016026,1.235239,1.320223
4,5,40,24,42,170,0.014437,0.997254,0.900020
4,6,21,28,23,133,0.009086,0.392650,0.229807
4,5,41,24,43,166,0.014020,1.101766,0.965615
4,5,45,24,47,179,0.024220,1.346997,1.240593
4,5,42,24,44,173,0.030048,1.214053,0.994019
4,6,22,28,24,132,0.009269,0.450170,0.271023
4,5,43,24,45,177,0.023072,1.206193,1.055170
4,5,46,24,48,178,0.016371,1.446785,1.376722
4,6,29,28,31,152,0.012063,0.758632,0.532726
4,6,20,28,22,127,0.008830,0.375818,0.209684
4,6,23,28,25,127,0.009349,0.407640,0.309076
4,6,30,28,32,132,0.011075,0.545901,0.514682
4,5,47,24,49,186,0.017215,1.573203,1.722301
4,6,28,28,30,123,0.010192,0.524692,0.442835
4,6,37,28,39,148,0.024416,0.863215,0.894085
4,6,31,28,33,133,0.011099,0.567221,0.534687
4,6,24,28,26,116,0.008805,0.414659,0.326551
4,5,48,24,50,187,0.017515,1.923142,1.869852
4,6,38,28,40,179,0.016422,1.091383,0.910119
4,6,25,28,27,120,0.009217,0.367287,0.355557
4,5,49,24,51,198,0.028111,2.055531,2.210677
4,6,36,28,38,177,0.024174,1.069917,0.850442
4,6,32,28,34,152,0.012197,0.644428,0.603190
4,6,26,28,28,116,0.009095,0.361383,0.349077
4,6,39,28,41,178,0.026193,1.151058,1.119825
4,5,50,24,52,203,0.028053,2.542899,2.286195
4,6,33,28,35,161,0.025958,0.810741,0.636446
4,6,27,28,29,130,0.030502,0.458222,0.364785
4,6,45,28,47,208,0.023667,1.692330,1.870210
4,6,34,28,36,173,0.015022,1.010987,0.695002
4,6,40,28,42,190,0.027698,1.472044,1.333613
4,7,22,32,24,152,0.011450,0.757790,0.335716
4,6,46,28,48,207,0.021518,2.060315,1.921857
4,6,35,28,37,167,0.014317,0.888134,0.948159
4,6,44,28,46,194,0.018825,1.937396,1.881917
4,6,41,28,43,188,0.027516,1.711234,1.509904
4,7,23,32,25,147,0.013093,0.571957,0.289875
4,7,21,32,23,143,0.019488,0.509756,0.258540
4,7,30,32,32,178,0.015792,0.985511,0.572629
4,6,47,28,49,211,0.021919,2.236975,1.816668
4,6,42,28,44,194,0.018238,1.731318,1.423207
4,7,24,32,26,146,0.019537,0.583913,0.330109
4,7,29,32,31,165,0.015979,0.903316,0.572833
4,7,31,32,33,185,0.016302,1.152640,0.729790
4,6,48,28,50,213,0.021148,1.855945,2.000297
4,6,43,28,45,195,0.028155,1.615019,1.452616
4,7,20,32,22,137,0.019443,0.508241,0.226971
4,7,25,32,27,151,0.012699,0.683935,0.409480
4,7,38,32,40,224,0.021705,1.787147,1.385601
4,7,32,32,34,214,0.019126,1.357857,0.969015
4,6,49,28,51,227,0.025623,2.276650,2.113792
4,7,28,32,30,175,0.024441,0.935807,0.567293
4,7,37,32,39,247,0.031645,2.054373,1.555454
4,7,39,32,41,252,0.026418,2.053996,1.678238
4,7,26,32,28,185,0.014616,0.899017,0.507550
4,7,33,32,35,230,0.020486,1.614610,0.975085
4,6,50,28,52,242,0.025172,2.745224,3.033359
4,7,40,32,42,242,0.026002,2.030884,1.775502
4,7,36,32,38,236,0.031599,1.736155,1.414352
4,7,34,32,36,219,0.031056,1.433186,1.142323
4,7,27,32,29,203,0.016656,1.124619,0.568384
4,7,46,32,48,273,0.030402,3.181936,2.517158
4,7,41,32,43,246,0.025978,2.210247,1.609239
4,8,23,36,25,170,0.014216,0.833318,0.427550
4,7,45,32,47,256,0.028622,3.204752,2.126622
4,7,35,32,37,214,0.028317,1.457009,1.193208
4,7,47,32,49,268,0.031338,3.039617,2.721252
4,8,22,36,24,146,0.021586,0.636870,0.477471
4,7,42,32,44,246,0.026918,2.460256,1.890246
4,7,44,32,46,257,0.041180,2.833833,2.102780
4,8,31,36,33,192,0.019017,1.288140,0.949594
4,8,24,36,26,181,0.015879,1.035037,0.486863
4,7,48,32,50,267,0.030635,3.027485,2.564514
4,8,21,36,23,161,0.013030,0.811626,0.349895
4,8,30,36,32,196,0.034375,1.478791,0.856825
4,8,25,36,27,174,0.014671,0.881907,0.547610
4,7,43,32,45,243,0.026157,2.101146,1.816472
4,8,32,36,34,205,0.027746,1.593685,1.026953
4,8,29,36,31,186,0.017531,1.178416,0.689576
4,7,49,32,51,263,0.031056,3.103217,3.059457
4,8,20,36,22,146,0.012094,0.641650,0.318766
4,8,39,36,41,231,0.034261,2.214370,1.587042
4,8,33,36,35,208,0.021838,1.675071,1.000117
4,8,26,36,28,184,0.016730,1.195269,0.709276
4,8,28,36,30,195,0.017927,1.343264,0.840967
4,8,38,36,40,238,0.026467,2.569370,1.774515
4,7,50,32,52,249,0.030468,3.031035,2.748507
4,8,37,36,39,224,0.024634,2.047514,1.383292
4,8,40,36,42,232,0.026645,2.393214,1.724304
4,8,27,36,29,190,0.027004,1.151598,0.671140
4,8,34,36,36,203,0.030386,1.672092,1.051227
4,8,36,36,38,216,0.023421,1.837920,1.272156
4,8,41,36,43,228,0.027525,2.317801,1.737910
4,8,47,36,49,259,0.032207,3.486397,2.712679
4,8,35,36,37,199,0.020960,1.579120,1.123628
5,4,24,25,26,110,0.006917,0.197956,0.164267
5,4,32,25,34,126,0.009584,0.410620,0.489477
4,8,46,36,48,247,0.030457,3.054285,2.661988
5,4,23,25,25,103,0.006941,0.204895,0.178855
4,8,45,36,47,262,0.032208,3.403257,2.584419
5,4,31,25,33,124,0.009355,0.357114,0.380100
5,4,40,25,42,138,0.012453,0.611516,0.652799
5,4,22,25,24,97,0.006468,0.200712,0.198022
5,4,30,25,32,123,0.009319,0.341936,0.309127
5,4,39,25,41,131,0.019160,0.566072,0.596095
4,8,42,36,44,247,0.069889,3.799947,2.411071
4,8,44,36,46,251,0.030004,3.173206,2.397640
4,8,48,36,50,267,0.033742,4.018663,3.316596
5,4,21,25,23,99,0.006466,0.192934,0.160785
5,4,38,25,40,129,0.011165,0.502775,0.544887
5,4,48,25,50,156,0.014936,0.996842,1.026673
5,4,25,25,27,107,0.007181,0.212697,0.225363
5,4,29,25,31,117,0.008446,0.288718,0.301487
5,5,25,30,27,129,0.009915,0.394250,0.271754
5,4,33,25,35,121,0.009559,0.367232,0.387533
5,4,47,25,49,162,0.015257,1.011457,0.947826
5,4,37,25,39,122,0.010418,0.494379,0.524679
4,8,43,36,45,266,0.033312,3.594695,2.344647
5,5,24,30,26,139,0.010023,0.406090,0.256424
5,4,46,25,48,161,0.023291,0.837034,0.944045
4,8,49,36,51,290,0.037812,4.627057,3.317558
5,4,20,25,22,96,0.006206,0.180415,0.123542
5,5,33,30,35,166,0.024242,0.702714,0.583488
5,4,41,25,43,140,0.011664,0.575316,0.703540
5,5,23,30,25,134,0.009823,0.366898,0.224540
5,4,26,25,28,106,0.007295,0.243306,0.213727
5,4,28,25,30,111,0.008449,0.282669,0.267722
5,5,32,30,34,158,0.021324,0.659020,0.485649
5,4,45,25,47,164,0.014702,0.896521,0.809365
5,4,34,25,36,120,0.009719,0.428404,0.443397
5,4,36,25,38,128,0.010586,0.450653,0.486274
5,5,31,30,33,155,0.012630,0.606803,0.487183
5,5,22,30,24,130,0.009465,0.347646,0.206739
5,5,41,30,43,173,0.026750,0.959812,0.967555
5,4,49,25,51,182,0.025615,1.147474,1.219722
5,5,40,30,42,166,0.016526,0.907773,0.782807
5,4,42,25,44,153,0.013326,0.682117,0.756329
5,5,30,30,32,148,0.020351,0.572849,0.385430
5,5,39,30,41,161,0.024519,0.864348,0.720080
5,4,44,25,46,161,0.025203,0.828475,0.862503
5,5,26,30,28,137,0.010660,0.458093,0.299780
5,5,21,30,23,121,0.008681,0.317821,0.178981
5,5,38,30,40,162,0.024465,0.798897,0.686285
5,5,34,30,36,151,0.013462,0.639128,0.540837
5,5,29,30,31,142,0.022861,0.571551,0.373087
5,5,49,30,51,189,0.020929,1.561456,1.347812
5,4,50,25,52,184,0.017536,1.198226,1.368402
5,5,48,30,50,188,0.027867,1.341312,1.367141
5,5,47,30,49,185,0.019212,1.188298,1.413445
5,6,26,35,28,141,0.012429,0.548116,0.388160
5,5,27,30,29,133,0.010821,0.475450,0.303319
5,5,37,30,39,166,0.025014,0.804453,0.714693
5,6,25,35,27,133,0.011793,0.574108,0.341093
5,6,24,35,26,121,0.010541,0.412860,0.305645
5,5,42,30,44,174,0.026729,1.169286,0.925063
5,5,46,30,48,174,0.018132,1.118837,1.249407
5,6,23,35,25,119,0.017782,0.382049,0.308867
5,5,35,30,37,157,0.013923,0.639081,0.665570
5,6,34,35,36,174,0.026324,1.142685,0.683088
4,8,50,36,52,296,0.063733,5.496128,4.864814
5,6,33,35,35,177,0.017209,0.982214,0.701996
5,6,32,35,34,176,0.016779,0.931763,0.625970
5,5,45,30,47,165,0.028420,1.031014,1.115563
5,4,27,25,29,102,0.007281,0.216798,0.266120
5,6,31,35,33,170,0.016233,0.865290,0.585877
5,6,22,35,24,117,0.009507,0.351232,0.297313
5,4,35,25,37,129,0.010595,0.445096,0.453592
5,5,43,30,45,163,0.016590,0.943419,0.930121
5,5,50,30,52,184,0.020148,1.353549,1.676306
5,6,20,35,22,124,0.009597,0.409379,0.209249
5,6,30,35,32,166,0.024988,0.853482,0.523869
5,6,42,35,44,212,0.023101,1.492092,1.251249
5,6,41,35,43,207,0.031335,1.461451,1.086684
5,6,40,35,42,205,0.029764,1.441585,1.077914
5,6,27,35,29,150,0.012734,0.611800,0.427470
5,4,43,25,45,166,0.014134,0.787474,0.819752
5,6,28,35,30,156,0.013984,0.697557,0.436461
5,6,39,35,41,206,0.021929,1.395634,1.000655
5,5,20,30,22,121,0.008343,0.290744,0.173169
5,5,28,30,30,135,0.020049,0.439449,0.384364
5,6,38,35,40,203,0.020909,1.340072,0.982295
5,6,35,35,37,189,0.028325,1.355340,0.815983
5,6,36,35,38,196,0.019093,1.131390,1.011968
5,5,36,30,38,160,0.025260,0.947201,0.745761
5,6,48,35,50,228,0.027824,2.148265,1.887206
5,6,49,35,51,232,0.036075,2.221665,1.874397
5,6,50,35,52,235,0.038704,2.299726,1.966726
5,6,47,35,49,223,0.025641,2.000159,1.692509
5,6,43,35,45,213,0.026555,1.734743,1.366823
5,5,44,30,46,164,0.020089,0.915873,1.298758
5,7,25,40,27,172,0.021597,0.979545,0.745798
5,6,46,35,48,221,0.024544,1.998746,1.726772
5,6,44,35,46,214,0.034687,1.812872,1.460898
5,7,26,40,28,173,0.020655,1.182873,0.714181
5,7,27,40,29,180,0.020056,1.001212,0.853784
5,7,24,40,26,169,0.015265,0.903110,0.740004
5,6,21,35,23,125,0.018346,0.406423,0.237227
5,7,20,40,22,160,0.016800,0.960448,0.338462
5,7,21,40,23,161,0.017596,0.946274,0.405927
5,7,23,40,25,164,0.014132,0.817145,0.645767
5,6,29,35,31,163,0.024243,0.824995,0.473364
5,7,28,40,30,169,0.019935,0.963899,0.727707
5,7,32,40,34,194,0.022560,1.449123,0.967033
5,7,33,40,35,194,0.024163,1.658853,1.087380
5,7,34,40,36,206,0.024894,1.663016,1.269307
5,7,29,40,31,174,0.018771,1.057381,0.766778
5,7,35,40,37,206,0.026209,1.926944,1.437180
5,7,31,40,33,190,0.027900,1.300457,0.811156
5,6,37,35,39,194,0.023397,1.428453,0.893296
5,7,36,40,38,221,0.023941,1.723567,1.174254
5,7,40,40,42,232,0.028230,2.211317,1.444265
5,7,37,40,39,228,0.027241,1.963565,1.127564
5,7,41,40,43,248,0.032813,2.428669,1.643288
5,7,39,40,41,230,0.030622,2.075798,1.369573
5,7,42,40,44,240,0.035700,2.354961,1.649558
5,6,45,35,47,220,0.024503,1.943137,1.823289
5,7,43,40,45,250,0.029916,2.617584,1.779922
5,7,22,40,24,162,0.014150,1.010821,0.623640
5,8,20,45,22,199,0.017962,1.316486,0.392823
5,7,44,40,46,243,0.035190,3.015480,1.789918
5,7,45,40,47,242,0.035410,2.623652,2.160349
5,7,30,40,32,181,0.018648,1.171574,0.733387
5,8,21,45,23,175,0.016524,1.083760,0.361060
5,7,48,40,50,264,0.047829,3.216232,2.299825
5,8,28,45,30,207,0.022695,1.664290,0.720657
5,7,49,40,51,261,0.033664,3.035013,2.383199
5,7,47,40,49,253,0.033339,2.805025,2.332487
5,8,22,45,24,181,0.017588,1.236588,0.400672
5,7,50,40,52,272,0.045513,3.236914,2.759787
5,8,25,45,27,188,0.020866,1.421397,0.534874
5,8,24,45,26,193,0.020747,1.464001,0.482085
5,8,26,45,28,198,0.021160,1.500066,0.553967
5,8,29,45,31,217,0.023602,1.750444,0.780471
5,7,38,40,40,232,0.026355,2.134930,1.330138
5,8,27,45,29,209,0.021853,1.629424,0.566881
5,8,30,45,32,214,0.023537,1.751161,0.747873
5,8,36,45,38,239,0.041567,2.397187,1.218296
5,8,33,45,35,221,0.025077,2.047144,1.071810
5,8,32,45,34,214,0.026761,1.900168,0.974964
5,8,34,45,36,230,0.032797,2.124059,1.104407
5,8,37,45,39,242,0.033218,2.493984,1.352788
5,8,35,45,37,235,0.029095,2.285443,1.200572
5,7,46,40,48,243,0.034841,2.659730,1.909756
5,8,38,45,40,258,0.037216,2.928693,1.530987
5,8,23,45,25,186,0.018182,1.257751,0.412522
5,8,44,45,46,282,0.039255,3.895623,2.287552
6,4,21,30,23,99,0.006857,0.182111,0.154777
5,8,40,45,42,268,0.035545,3.579872,2.086426
6,4,29,30,31,129,0.009348,0.338541,0.341846
5,8,41,45,43,280,0.040148,3.910107,2.264653
5,8,42,45,44,271,0.039788,3.738620,2.399266
5,8,31,45,33,215,0.024499,1.808021,0.859832
6,4,37,30,39,154,0.016605,0.703195,0.612758
6,4,45,30,47,168,0.014937,0.858834,1.034222
5,8,45,45,47,286,0.039087,5.490854,3.031819
6,5,22,36,24,135,0.013774,0.426366,0.233349
6,4,22,30,24,111,0.007398,0.220761,0.176090
5,8,46,45,48,290,0.038320,4.396515,2.928147
5,8,43,45,45,283,0.037378,5.330034,3.148329
6,4,23,30,25,113,0.007827,0.226044,0.169693
6,4,20,30,22,106,0.006919,0.208040,0.157107
6,5,30,36,32,153,0.017345,0.570549,0.415219
6,4,30,30,32,133,0.010251,0.391373,0.357637
6,4,28,30,30,126,0.009449,0.364967,0.281791
5,8,39,45,41,258,0.037227,3.049335,1.552858
6,4,31,30,33,138,0.010232,0.408721,0.411786
6,4,38,30,40,154,0.017614,0.663562,0.619856
6,4,36,30,38,147,0.012287,0.526076,0.573821
6,5,38,36,40,179,0.017639,0.889353,0.831305
6,4,39,30,41,150,0.017386,0.681171,0.645651
5,8,49,45,51,296,0.042218,4.366350,2.904230
6,4,26,30,28,126,0.009031,0.317193,0.297416
6,4,46,30,48,178,0.018079,0.946759,1.011329
5,8,50,45,52,298,0.044377,4.605356,2.933759
6,4,44,30,46,177,0.015905,0.894953,0.915383
5,8,48,45,50,297,0.048318,5.865083,3.119228
6,4,47,30,49,182,0.016569,1.091338,0.936906
6,5,23,36,25,130,0.010288,0.438857,0.235565
6,5,21,36,23,134,0.009262,0.366642,0.212899
6,4,27,30,29,128,0.009492,0.308984,0.291003
6,4,34,30,36,138,0.015967,0.486662,0.462891
6,5,46,36,48,199,0.021858,1.513832,1.149524
6,4,25,30,27,120,0.008796,0.305061,0.247516
6,5,24,36,26,124,0.009940,0.343751,0.290223
6,5,29,36,31,142,0.012356,0.484831,0.444853
6,4,35,30,37,141,0.017088,0.465053,0.512521
6,5,31,36,33,157,0.019348,0.627621,0.512536
6,6,23,42,25,145,0.012529,0.566603,0.299275
6,4,33,30,35,138,0.016246,0.413041,0.453809
6,4,42,30,44,168,0.015004,0.801746,0.728873
6,5,32,36,34,167,0.016995,0.700773,0.552497
6,5,37,36,39,174,0.016462,0.857753,0.719042
6,4,43,30,45,171,0.018552,0.889450,0.729906
6,6,31,42,33,180,0.017243,0.957784,0.553286
6,5,39,36,41,177,0.017752,0.948148,0.800804
6,4,41,30,43,167,0.014367,0.783902,0.774037
6,5,20,36,22,111,0.008764,0.299024,0.227985
6,5,40,36,42,180,0.020211,1.006977,0.903023
6,4,50,30,52,182,0.017858,1.068899,1.112195
6,5,28,36,30,157,0.012690,0.560277,0.429862
5,8,47,45,49,297,0.045556,4.501170,3.591269
6,5,27,36,29,145,0.012338,0.592770,0.340887
6,4,49,30,51,182,0.022569,1.030255,1.054613
6,5,45,36,47,203,0.021200,1.360190,1.195095
6,4,24,30,26,118,0.009700,0.315551,0.311273
6,5,47,36,49,211,0.028157,1.441403,1.283243
6,6,39,42,41,215,0.027216,1.732944,1.219262
6,5,36,36,38,166,0.015950,0.906661,0.682945
6,5,26,36,28,147,0.011940,0.501610,0.390142
6,6,22,42,24,152,0.017206,0.614970,0.274564
6,5,35,36,37,172,0.022428,0.818378,0.657502
6,4,32,30,34,136,0.010767,0.444060,0.641804
6,5,48,36,50,213,0.025357,1.541196,1.298916
6,6,24,42,26,162,0.013600,0.671804,0.347126
6,6,30,42,32,168,0.018554,0.845801,0.484079
6,5,34,36,36,166,0.015629,0.819880,0.618413
6,6,25,42,27,152,0.013451,0.654522,0.347119
6,4,40,30,42,164,0.014406,0.695978,0.620882
6,5,44,36,46,203,0.019599,1.317479,1.444154
6,6,32,42,34,188,0.023723,1.411924,0.779305
6,5,43,36,45,193,0.020123,1.606294,1.309202
6,6,21,42,23,146,0.011811,0.662042,0.275526
6,6,47,42,49,241,0.029381,2.165231,1.672832
6,5,42,36,44,192,0.024867,1.185935,1.085805
6,6,33,42,35,202,0.024332,1.325855,0.769682
6,6,20,42,22,132,0.010906,0.476710,0.207656
6,6,38,42,40,217,0.023122,1.648018,1.088773
6,4,48,30,50,179,0.021819,1.353509,1.150126
6,6,29,42,31,178,0.019329,0.976015,0.545244
6,5,25,36,27,139,0.011000,0.494384,0.342794
6,7,24,48,26,181,0.017178,1.103826,0.453823
6,6,28,42,30,180,0.016459,0.956081,0.557913
6,6,40,42,42,216,0.035687,1.603421,1.114883
6,5,33,36,35,159,0.019986,1.183523,0.518409
6,6,41,42,43,223,0.025017,2.302412,1.220730
6,6,37,42,39,214,0.026891,1.474118,0.978471
6,5,50,36,52,222,0.031494,1.957749,1.951800
6,6,36,42,38,206,0.021267,1.452144,0.830972
6,7,32,48,34,205,0.026826,1.855970,0.776086
6,6,46,42,48,244,0.028869,2.234576,1.668309
6,6,27,42,29,174,0.015201,0.801851,0.492077
6,5,41,36,43,194,0.018839,1.169872,0.933387
6,7,23,48,25,166,0.015518,0.952639,0.322582
6,6,48,42,50,270,0.070659,2.898976,1.847040
6,6,35,42,37,199,0.020557,1.261231,0.868078
6,6,45,42,47,243,0.028447,2.236836,1.568517
6,7,31,48,33,204,0.021366,1.465100,0.674533
6,6,49,42,51,264,0.033100,2.603195,1.797643
6,7,40,48,42,264,0.037133,2.685560,1.233451
6,6,44,42,46,255,0.029453,2.467609,1.500025
6,7,25,48,27,180,0.017011,1.078021,0.415409
6,5,49,36,51,211,0.026737,1.795844,1.380432
6,7,22,48,24,170,0.015015,0.957706,0.375820
6,7,21,48,23,161,0.020005,0.837835,0.335309
6,6,26,42,28,175,0.015560,0.893727,0.484217
6,7,26,48,28,208,0.019930,1.412609,0.416393
6,7,33,48,35,240,0.029847,2.025109,0.803371
6,7,30,48,32,214,0.021110,1.563040,0.645523
6,6,43,42,45,252,0.033801,2.667443,1.340758
6,7,39,48,41,257,0.035617,2.543240,1.221683
6,7,29,48,31,227,0.022084,1.683734,0.613745
6,6,34,42,36,198,0.019725,1.198322,0.706809
6,7,20,48,22,166,0.015382,0.876461,0.248123
6,7,34,48,36,215,0.028202,1.730390,0.961554
6,7,48,48,50,258,0.035801,3.013511,2.342807
6,7,28,48,30,215,0.025484,1.540519,0.563280
6,7,37,48,39,219,0.030358,1.984919,1.308820
6,7,41,48,43,230,0.028656,2.161374,1.656643
6,6,42,42,44,244,0.027045,2.041330,1.497603
6,7,38,48,40,246,0.034152,2.998019,1.271317
6,8,25,54,27,219,0.027704,1.996400,0.557810
6,7,42,48,44,243,0.030424,2.401199,1.736651
6,7,47,48,49,249,0.035803,2.790813,2.486336
6,7,36,48,38,219,0.027926,1.817152,1.300958
6,8,24,54,26,216,0.027148,1.851552,0.484537
6,6,50,42,52,247,0.033166,2.411205,1.780060
6,7,45,48,47,260,0.032347,2.849629,1.944329
6,8,33,54,35,264,0.035993,3.087552,1.150226
6,7,46,48,48,249,0.032242,2.674969,2.123427
6,7,49,48,51,273,0.038293,3.276691,2.452181
6,7,27,48,29,195,0.020259,1.353330,0.542453
6,8,22,54,24,217,0.021167,1.844009,0.491384
6,8,23,54,25,208,0.021409,1.653028,0.468807
6,7,44,48,46,247,0.036714,2.680083,2.111856
6,7,50,48,52,277,0.038750,3.702460,2.502910
6,8,26,54,28,216,0.031751,1.930964,0.723061
6,8,32,54,34,249,0.030402,3.491181,1.137475
6,7,35,48,37,217,0.024927,1.755850,1.339791
6,8,21,54,23,209,0.032128,2.292497,0.508346
6,8,30,54,32,233,0.027844,2.579276,1.029513
6,8,41,54,43,297,0.041365,4.029587,1.867703
6,8,31,54,33,242,0.029230,2.786573,1.071534
6,8,27,54,29,236,0.026346,2.673439,0.709876
6,8,34,54,36,274,0.033707,3.399759,1.147808
6,8,29,54,31,241,0.027104,2.410221,0.890639
6,7,43,48,45,243,0.082575,2.873742,1.922292
6,8,40,54,42,303,0.038435,4.169252,1.653086
6,8,38,54,40,284,0.038160,3.595770,1.389603
6,8,35,54,37,262,0.033552,2.923107,1.443385
6,8,20,54,22,190,0.046590,1.392040,0.443408
6,8,39,54,41,296,0.038735,3.822750,1.564228
6,8,28,54,30,238,0.027291,2.277920,0.780931
6,8,37,54,39,273,0.035520,4.328562,1.628404
6,8,49,54,51,331,0.051332,5.466650,3.140714
7,4,26,35,28,132,0.010495,0.372837,0.205217
6,8,42,54,44,292,0.038707,5.514362,2.048632
7,4,34,35,36,142,0.014860,0.425357,0.531973
7,4,42,35,44,159,0.015031,0.654074,0.637389
6,8,48,54,50,330,0.049044,5.218329,3.049113
7,4,25,35,27,128,0.009409,0.299129,0.195848
6,8,43,54,45,305,0.050530,5.741618,1.970023
6,8,46,54,48,319,0.045574,5.038347,2.835065
7,4,20,35,22,110,0.007414,0.214083,0.160949
6,8,36,54,38,264,0.034353,3.003336,1.538934
7,4,23,35,25,115,0.008209,0.279935,0.206592
7,4,33,35,35,137,0.011504,0.414885,0.521817
7,4,28,35,30,128,0.013805,0.365410,0.318753
6,8,47,54,49,319,0.045152,5.353234,2.684292
7,4,50,35,52,185,0.018880,0.969401,1.182285
7,4,31,35,33,135,0.010999,0.390529,0.410775
7,4,24,35,26,123,0.009024,0.323606,0.190927
7,4,36,35,38,147,0.012796,0.495750,0.430840
7,4,41,35,43,157,0.014707,0.668202,0.584958
7,4,39,35,41,153,0.013767,0.560089,0.562915
7,5,27,42,29,160,0.013954,0.727918,0.447688
7,4,32,35,34,134,0.011338,0.387998,0.427985
6,8,45,54,47,309,0.049248,4.706120,2.288461
7,4,44,35,46,169,0.015545,0.719266,0.851229
7,4,22,35,24,116,0.007542,0.226839,0.209323
7,4,40,35,42,155,0.014617,0.701140,0.566775
7,5,35,42,37,200,0.023416,1.095900,0.601870
7,4,49,35,51,183,0.022691,0.949310,1.122999
7,5,21,42,23,146,0.011089,0.487799,0.211036
7,4,30,35,32,129,0.015120,0.392614,0.338443
7,4,47,35,49,178,0.019726,0.865462,1.006038
7,5,24,42,26,157,0.018481,0.694422,0.289879
7,5,26,42,28,159,0.018929,0.744921,0.379616
7,4,38,35,40,153,0.013781,0.540098,0.494249
7,5,29,42,31,172,0.019306,0.726304,0.493367
7,4,48,35,50,182,0.017633,0.892363,1.071453
7,5,43,42,45,195,0.020379,1.183884,0.980573
7,5,32,42,34,183,0.015891,0.851638,0.574847
7,5,25,42,27,158,0.012953,0.704421,0.309312
7,5,34,42,36,194,0.019962,0.996792,0.546697
7,4,46,35,48,175,0.020830,0.791173,0.938649
7,5,37,42,39,183,0.017973,1.126650,0.729877
7,6,20,49,22,163,0.012627,0.732315,0.262147
6,8,44,54,46,314,0.044201,4.884294,2.150723
6,8,50,54,52,342,0.067040,7.860205,2.987615
7,4,21,35,23,112,0.007844,0.214973,0.169624
7,5,23,42,25,156,0.011560,0.551270,0.273688
7,5,33,42,35,190,0.021577,0.943990,0.521361
7,4,27,35,29,124,0.009503,0.285783,0.310781
7,4,29,35,31,130,0.010143,0.338283,0.331017
7,5,40,42,42,185,0.025850,1.048110,0.826117
7,5,42,42,44,195,0.024385,1.156889,0.919593
7,6,28,49,30,197,0.033513,1.117929,0.486681
7,5,31,42,33,174,0.015705,0.775675,0.531174
7,4,35,35,37,146,0.012642,0.478258,0.394941
7,4,37,35,39,149,0.016652,0.517241,0.457927
7,5,45,42,47,220,0.023771,1.493907,1.039127
7,5,41,42,43,188,0.019514,1.097062,0.997278
7,4,43,35,45,167,0.017189,0.696087,0.816309
7,6,22,49,24,180,0.015803,0.892548,0.313283
7,5,39,42,41,188,0.018863,1.037169,0.816104
7,4,45,35,47,172,0.019072,0.786670,0.893591
7,6,36,49,38,224,0.026744,1.605759,0.780635
7,5,20,42,22,143,0.010575,0.460499,0.199632
7,5,48,42,50,232,0.028029,1.785079,1.297920
7,5,22,42,24,151,0.015743,0.523820,0.249981
7,5,50,42,52,238,0.027172,1.915418,1.435954
7,5,28,42,30,166,0.013966,0.676586,0.462574
7,6,30,49,32,208,0.020285,1.288067,0.538649
7,5,30,42,32,174,0.014478,0.730089,0.600189
7,5,49,42,51,238,0.027223,1.736647,1.447159
7,6,25,49,27,197,0.021643,1.431631,0.442821
7,6,27,49,29,197,0.020937,1.100236,0.485538
7,5,47,42,49,227,0.029612,1.655889,1.182682
7,5,36,42,38,188,0.018548,1.037383,0.686339
7,6,26,49,28,191,0.017160,1.074736,0.456326
7,5,38,42,40,185,0.023197,1.110199,0.805680
7,6,44,49,46,258,0.030833,2.428289,1.396574
7,6,24,49,26,191,0.020522,1.005443,0.388189
7,6,38,49,40,222,0.025538,1.713901,0.996516
7,6,33,49,35,206,0.025304,1.369704,0.664407
7,6,35,49,37,216,0.028161,1.526670,0.829533
7,7,21,56,23,186,0.022250,1.215823,0.346232
7,5,44,42,46,215,0.021443,1.426732,1.138933
7,6,34,49,36,219,0.021408,1.475380,0.871087
7,6,32,49,34,206,0.021383,1.354893,0.796075
7,6,21,49,23,169,0.014999,0.845953,0.273222
7,5,46,42,48,221,0.027948,1.641526,1.592979
7,6,41,49,43,241,0.032510,2.062521,1.120735
7,7,29,56,31,225,0.027760,1.890998,0.643294
7,6,46,49,48,256,0.031034,2.441172,1.554446
7,6,43,49,45,244,0.029526,2.178287,1.165002
7,6,23,49,25,188,0.015275,1.015144,0.387390
7,6,29,49,31,202,0.018120,1.541336,0.611380
7,6,42,49,44,239,0.029357,2.081653,1.112149
7,6,40,49,42,245,0.026572,2.122730,1.209304
7,7,20,56,22,182,0.020573,1.272040,0.328722
7,6,31,49,33,202,0.019960,1.271453,0.560378
7,7,23,56,25,200,0.019324,1.776987,0.361218
7,7,37,56,39,245,0.029705,2.357409,1.103093
7,6,37,49,39,225,0.030367,1.732477,0.978527
7,6,49,49,51,260,0.032938,2.558596,1.673955
7,7,28,56,30,219,0.023199,1.755361,0.660935
7,7,31,56,33,225,0.030664,1.870332,0.776334
7,6,39,49,41,236,0.028102,1.971868,1.060446
7,6,48,49,50,242,0.032499,2.354734,1.658546
7,7,26,56,28,202,0.020159,1.431900,0.565305
7,6,50,49,52,258,0.032641,2.839396,1.811960
7,6,45,49,47,253,0.031181,2.332682,1.407038
7,7,25,56,27,199,0.019791,1.405331,0.496830
7,7,36,56,38,224,0.032613,2.157330,1.265779
7,7,27,56,29,200,0.020437,1.442313,0.703538
7,7,45,56,47,265,0.036351,2.986647,1.673596
7,7,39,56,41,241,0.029899,2.278188,1.236493
7,7,34,56,36,218,0.025312,2.014991,0.997738
7,6,47,49,49,250,0.031749,2.366329,1.592231
7,7,22,56,24,200,0.018764,1.804187,0.351060
7,7,33,56,35,213,0.029645,1.783494,0.935631
7,8,22,63,24,228,0.025082,2.372452,0.396781
7,7,35,56,37,237,0.037504,2.407101,0.916135
7,7,24,56,26,202,0.025657,1.985464,0.445304
7,7,30,56,32,219,0.030453,1.827916,0.746956
7,7,44,56,46,258,0.045708,2.923735,1.711532
7,7,42,56,44,253,0.034688,3.415298,1.537877
7,7,47,56,49,272,0.037396,3.201596,2.103669
7,7,41,56,43,253,0.032571,2.593865,1.465148
7,7,32,56,34,223,0.025654,1.893033,0.843256
7,8,30,63,32,256,0.030705,2.855094,0.811402
7,8,21,63,23,214,0.021744,1.913563,0.448274
7,7,38,56,40,239,0.030116,2.311393,1.261011
7,7,43,56,45,256,0.033484,3.473905,1.717996
7,8,24,63,26,241,0.027115,2.544048,0.510394
7,7,40,56,42,241,0.029332,2.237332,1.535636
7,8,29,63,31,257,0.030987,3.080856,0.726061
7,8,20,63,22,215,0.030051,2.004808,0.366588
7,8,38,63,40,292,0.047475,4.069970,1.449669
7,7,50,56,52,315,0.044456,4.553588,2.321479
7,7,49,56,51,306,0.043597,4.295201,2.181374
7,7,46,56,48,270,0.045374,3.051995,2.052603
7,8,32,63,34,256,0.032242,3.048380,1.017723
7,8,28,63,30,243,0.028689,2.699533,0.831008
7,8,23,63,25,220,0.033841,2.130078,0.469217
7,8,37,63,39,276,0.037107,3.674094,1.359975
7,8,26,63,28,232,0.036156,2.379126,0.646892
7,8,27,63,29,232,0.026826,2.546872,0.815925
7,7,48,56,50,288,0.039903,4.787781,2.037453
7,8,40,63,42,301,0.041644,4.339263,1.747041
7,8,31,63,33,263,0.032078,3.124131,0.818663
7,8,25,63,27,229,0.025978,2.341795,0.523245
7,8,36,63,38,279,0.036140,3.853311,1.638830
7,8,34,63,36,265,0.033226,3.394649,1.323238
7,8,46,63,48,331,0.047270,5.898960,2.593738
7,8,35,63,37,281,0.078343,3.703349,1.302001
8,4,23,40,25,127,0.008561,0.292332,0.203313
8,4,31,40,33,153,0.016074,0.562856,0.331291
7,8,45,63,47,312,0.046459,4.867537,2.345283
8,4,39,40,41,165,0.017100,0.695475,0.606561
8,4,22,40,24,134,0.009500,0.336493,0.189361
8,4,30,40,32,142,0.016275,0.491366,0.300475
7,8,33,63,35,259,0.033647,3.166537,1.066015
7,8,39,63,41,285,0.036508,3.877626,1.927978
8,4,47,40,49,189,0.024063,0.943356,0.986801
8,4,38,40,40,170,0.019247,0.667414,0.629674
8,5,24,48,26,159,0.013024,0.608228,0.347840
7,8,42,63,44,288,0.059409,4.124503,1.843556
7,8,44,63,46,300,0.048626,4.648563,2.111359
7,8,48,63,50,320,0.052056,5.392925,2.598751
8,4,21,40,23,130,0.009035,0.301396,0.152193
8,4,46,40,48,187,0.018496,0.985802,0.917842
8,5,32,48,34,186,0.021632,0.929567,0.508322
8,4,25,40,27,126,0.009815,0.336650,0.228464
7,8,43,63,45,307,0.044365,4.764941,2.027303
8,4,29,40,31,136,0.011038,0.388844,0.301900
8,4,20,40,22,113,0.007912,0.269184,0.140815
8,5,23,48,25,156,0.017316,0.584250,0.290853
8,4,33,40,35,161,0.017154,0.527557,0.409384
8,4,28,40,30,141,0.013919,0.397341,0.306237
8,4,37,40,39,170,0.015000,0.659769,0.522526
8,5,40,48,42,202,0.021498,1.201650,0.812023
8,5,31,48,33,181,0.021715,1.040782,0.454855
8,4,36,40,38,165,0.014323,0.629735,0.478680
8,4,41,40,43,171,0.014959,0.701592,0.714664
7,8,41,63,43,291,0.048474,4.238133,1.952518
8,4,45,40,47,184,0.018012,1.043582,0.845988
8,4,44,40,46,187,0.016338,0.931171,0.863919
8,5,39,48,41,207,0.024801,1.222290,0.846351
8,5,22,48,24,155,0.012345,0.576774,0.238114
8,4,49,40,51,197,0.020177,1.061927,0.968549
7,8,47,63,49,318,0.049775,5.033387,2.492985
8,5,21,48,23,158,0.012876,0.602173,0.212844
8,5,48,48,50,241,0.028777,1.988284,1.195513
8,5,26,48,28,163,0.013525,0.647880,0.318521
8,5,30,48,32,174,0.015873,0.805837,0.401697
8,4,24,40,26,132,0.009051,0.321541,0.208501
8,5,29,48,31,172,0.018887,0.835221,0.425149
8,4,32,40,34,148,0.015815,0.476067,0.358767
8,6,25,56,27,195,0.017527,1.223462,0.398782
8,5,34,48,36,187,0.017012,0.943120,0.612108
8,5,47,48,49,234,0.032439,1.727745,1.153766
8,5,38,48,40,205,0.024961,1.298365,0.782484
8,4,40,40,42,175,0.020150,0.770696,0.632359
7,8,50,63,52,362,0.081534,6.692350,2.566504
8,5,37,48,39,201,0.018817,1.204562,0.736830
8,6,24,56,26,184,0.016790,1.053482,0.477559
8,4,27,40,29,148,0.010675,0.412551,0.270193
8,6,33,56,35,210,0.023546,1.883811,0.736789
8,5,42,48,44,229,0.024935,1.570514,0.932705
8,4,35,40,37,157,0.017411,0.525506,0.496194
8,4,48,40,50,196,0.019243,1.107925,0.963023
8,5,46,48,48,237,0.026636,1.778983,1.166765
8,5,25,48,27,165,0.018465,0.807132,0.295293
8,6,32,56,34,213,0.022245,1.924272,0.677635
8,5,45,48,47,234,0.030299,2.052753,1.065522
8,4,43,40,45,179,0.017710,0.810070,0.756990
7,8,49,63,51,352,0.057676,6.585049,2.508395
8,6,23,56,25,180,0.016159,0.995694,0.390333
8,5,20,48,22,146,0.012583,0.504003,0.212236
8,4,26,40,28,136,0.009660,0.362627,0.256843
8,5,33,48,35,180,0.017065,1.053432,0.559692
8,6,22,56,24,170,0.015068,0.915445,0.347976
8,5,50,48,52,235,0.032809,1.856105,1.481570
8,5,28,48,30,169,0.014814,0.749698,0.413685
8,6,41,56,43,247,0.031102,2.738060,1.299926
8,4,34,40,36,161,0.013780,0.644905,0.416332
8,6,31,56,33,218,0.026662,1.639065,0.648566
8,6,40,56,42,242,0.028514,2.140239,1.182752
8,6,27,56,29,195,0.018834,1.267017,0.579027
8,5,41,48,43,223,0.023513,1.399429,0.913809
8,6,30,56,32,218,0.025472,1.581951,0.661149
8,5,36,48,38,202,0.019737,1.124939,0.642481
8,4,42,40,44,177,0.020564,0.767505,0.735363
8,4,50,40,52,192,0.023554,1.001301,1.079570
8,6,39,56,41,234,0.027317,1.918553,1.076903
8,6,35,56,37,220,0.029681,2.098749,0.767967
8,5,44,48,46,237,0.025437,1.674255,1.089380
8,6,38,56,40,234,0.030174,1.931866,1.015816
8,6,49,56,51,272,0.036677,2.941271,1.566574
8,5,27,48,29,171,0.014732,0.732807,0.385154
8,5,49,48,51,246,0.031092,2.025689,1.446791
8,6,21,56,23,177,0.016522,1.009474,0.310786
8,6,48,56,50,272,0.036458,3.535532,1.617791
8,5,35,48,37,201,0.028102,1.144357,0.631877
8,6,26,56,28,203,0.018958,1.415558,0.582927
8,7,26,64,28,216,0.027860,2.409746,0.522299
8,6,43,56,45,261,0.032154,2.484227,1.172067
8,6,47,56,49,268,0.037909,2.801912,1.603614
8,6,29,56,31,210,0.051825,1.840770,0.600459
8,6,46,56,48,257,0.038151,2.900579,1.598182
8,7,25,64,27,209,0.031239,2.319403,0.563402
8,5,43,48,45,229,0.024124,1.592830,0.994003
8,6,34,56,36,216,0.024054,1.561614,0.821969
8,7,20,64,22,194,0.018396,1.462024,0.439955
8,6,20,56,22,176,0.019390,0.955029,0.278282
8,7,24,64,26,209,0.022207,1.817690,0.838790
8,6,37,56,39,233,0.030678,1.936954,0.915042
8,7,34,64,36,252,0.031766,2.737389,1.008489
8,7,23,64,25,211,0.019871,1.779520,0.658575
8,6,28,56,30,197,0.020186,1.270504,0.624995
8,7,28,64,30,242,0.030556,2.387168,0.611493
8,6,42,56,44,248,0.033690,2.275323,1.116355
8,7,33,64,35,256,0.033715,3.393818,0.822510
8,7,32,64,34,248,0.036239,2.771442,0.766529
8,7,31,64,33,242,0.030001,2.400034,0.719116
8,6,45,56,47,257,0.032793,2.568759,1.507956
8,6,36,56,38,235,0.027243,1.946596,0.802861
8,7,42,64,44,300,0.040559,4.018578,1.435548
8,7,36,64,38,271,0.034768,3.169406,0.990626
8,7,22,64,24,201,0.019857,1.586997,0.591175
8,6,50,56,52,291,0.042864,3.371933,1.665607
8,7,41,64,43,293,0.040092,3.924910,1.346391
8,6,44,56,46,252,0.031366,2.415112,1.326975
8,7,39,64,41,289,0.038190,3.595314,1.140347
8,7,40,64,42,297,0.036711,3.700192,1.393248
8,7,30,64,32,242,0.026604,2.368403,0.715957
8,7,27,64,29,238,0.026009,2.258423,0.585047
8,7,21,64,23,197,0.019439,1.545864,0.497156
8,7,44,64,46,298,0.045160,4.224105,1.936132
8,7,29,64,31,242,0.026161,2.364643,0.660647
8,7,35,64,37,269,0.032847,3.083583,0.924668
8,7,50,64,52,325,0.047737,5.481784,2.720673
8,7,38,64,40,285,0.035025,3.403667,1.202822
8,8,21,72,23,238,0.033507,2.666334,0.436563
8,7,47,64,49,310,0.043734,4.783992,2.349249
8,7,49,64,51,321,0.050452,5.355267,2.591621
8,7,48,64,50,314,0.044649,5.027459,2.546280
8,7,37,64,39,276,0.034945,3.348033,1.023337
8,8,24,72,26,253,0.028958,3.020264,0.538942
8,8,27,72,29,261,0.031520,4.298582,0.729000
8,7,43,64,45,293,0.041351,4.044689,1.851831
8,8,29,72,31,267,0.032269,3.458644,1.094319
8,8,25,72,27,259,0.039874,3.221273,0.599600
8,8,26,72,28,260,0.029948,4.145971,0.619801
8,7,46,64,48,303,0.051211,4.471963,2.121744
8,8,20,72,22,235,0.023186,2.498899,0.423788
8,7,45,64,47,301,0.042142,4.399997,2.034148
8,8,32,72,34,276,0.035144,3.824672,1.232538
8,8,23,72,25,249,0.026060,2.867852,0.547419
8,8,35,72,37,294,0.049606,4.377483,1.434121
8,8,34,72,36,284,0.037078,4.027787,1.438792
8,8,33,72,35,272,0.036001,4.733287,1.375211
8,8,37,72,39,317,0.052010,5.085086,1.487489
8,8,28,72,30,259,0.031367,3.204813,1.013927
8,8,22,72,24,241,0.026978,2.790315,0.472781
8,8,31,72,33,267,0.033784,3.559038,1.154731
8,8,30,72,32,270,0.041706,3.608999,1.134167
8,8,40,72,42,339,0.051319,5.982707,1.840627
8,8,36,72,38,318,0.042519,4.954515,1.412057
8,8,43,72,45,357,0.052951,6.511464,1.954248
8,8,41,72,43,346,0.060310,6.085649,1.567968
8,8,42,72,44,345,0.049482,6.099679,1.817874
8,8,45,72,47,328,0.050245,7.652562,2.299007
8,8,39,72,41,342,0.047652,5.861696,1.684418
8,8,44,72,46,328,0.049024,3.997958,1.712420
8,8,38,72,40,333,0.045961,5.388212,1.680042
8,8,48,72,50,337,0.053360,6.197290,1.842983
8,8,49,72,51,353,0.036820,5.057088,1.848859
8,8,50,72,52,354,0.055996,6.238832,2.156589
8,8,47,72,49,332,0.030717,4.866327,1.522332
8,8,46,72,48,327,0.035889,3.129141,1.272847
